buildName=16742-4.5.next-Analytics
buildHash=6260e8249c4755fc6dcc22a76b331f7a056ca2e8
buildTimestamp=2018-04-28T02:53:45+0000
buildNumber=4.5.0.16742
jobName=Analytics
version=4.5.0.16742